
NODES

0 -- 0
0 -- 0,25
0 -- 0,5
0 -- 0,75
0 -- 1
0,25 -- 0
0,25 -- 0,25
0,25 -- 0,5
0,25 -- 0,75
0,25 -- 1
0,5 -- 0
0,5 -- 0,25
0,5 -- 0,5
0,5 -- 0,75
0,5 -- 1
0,75 -- 0
0,75 -- 0,25
0,75 -- 0,5
0,75 -- 0,75
0,75 -- 1
1 -- 0
1 -- 0,25
1 -- 0,5
1 -- 0,75
1 -- 1
0,125 -- 0,125
0,125 -- 0,375
0,125 -- 0,625
0,125 -- 0,875
0,375 -- 0,125
0,375 -- 0,375
0,375 -- 0,625
0,375 -- 0,875
0,625 -- 0,125
0,625 -- 0,375
0,625 -- 0,625
0,625 -- 0,875
0,875 -- 0,125
0,875 -- 0,375
0,875 -- 0,625
0,875 -- 0,875


DUNAVANT NODES

0,333333333333333    0,333333333333333
0,05971587178977    0,470142064105115
0,470142064105115    0,470142064105115
0,470142064105115    0,05971587178977
0,797426985353087    0,101286507323456
0,101286507323456    0,101286507323456
0,101286507323456    0,797426985353087

WEIGHTS

0,1125
0,066197076394253
0,066197076394253
0,066197076394253
0,0629695902724135
0,0629695902724135
0,0629695902724135



MATRIXES

0,0254166666666667      0,0263541666666666      0,0263541666666666
-0,0101041666666667     -0,0107291666666666     -0,0104166666666667
-0,0153125      -0,015625       -0,0159375



0,0254166666666667      0,0263541666666666      0,0263541666666666
-0,0101041666666667     -0,0107291666666666     -0,0104166666666667
-0,0153125      -0,015625       -0,0159375



0,0254166666666667      0,0263541666666666      0,0263541666666666
-0,0101041666666667     -0,0107291666666666     -0,0104166666666667
-0,0153125      -0,015625       -0,0159375



0,0254166666666667      0,0263541666666666      0,0263541666666666
-0,0101041666666667     -0,0107291666666666     -0,0104166666666667
-0,0153125      -0,015625       -0,0159375



0,0254166666666667      0,0263541666666666      0,0263541666666666
-0,0101041666666667     -0,0107291666666666     -0,0104166666666667
-0,0153125      -0,015625       -0,0159375



0,0254166666666667      0,0263541666666666      0,0263541666666666
-0,0101041666666667     -0,0107291666666666     -0,0104166666666667
-0,0153125      -0,015625       -0,0159375



0,0254166666666667      0,0263541666666666      0,0263541666666666
-0,0101041666666667     -0,0107291666666666     -0,0104166666666667
-0,0153125      -0,015625       -0,0159375



0,0254166666666667      0,0263541666666666      0,0263541666666666
-0,0101041666666667     -0,0107291666666666     -0,0104166666666667
-0,0153125      -0,015625       -0,0159375



0,0254166666666667      0,0263541666666666      0,0263541666666666
-0,0101041666666667     -0,0107291666666666     -0,0104166666666667
-0,0153125      -0,015625       -0,0159375



0,0254166666666667      0,0263541666666666      0,0263541666666666
-0,0101041666666667     -0,0107291666666666     -0,0104166666666667
-0,0153125      -0,015625       -0,0159375



0,0254166666666667      0,0263541666666666      0,0263541666666666
-0,0101041666666667     -0,0107291666666666     -0,0104166666666667
-0,0153125      -0,015625       -0,0159375



0,0254166666666667      0,0263541666666666      0,0263541666666666
-0,0101041666666667     -0,0107291666666666     -0,0104166666666667
-0,0153125      -0,015625       -0,0159375



0,0254166666666667      0,0263541666666666      0,0263541666666666
-0,0101041666666667     -0,0107291666666666     -0,0104166666666667
-0,0153125      -0,015625       -0,0159375



0,0254166666666667      0,0263541666666666      0,0263541666666666
-0,0101041666666667     -0,0107291666666666     -0,0104166666666667
-0,0153125      -0,015625       -0,0159375



0,0254166666666667      0,0263541666666666      0,0263541666666666
-0,0101041666666667     -0,0107291666666666     -0,0104166666666667
-0,0153125      -0,015625       -0,0159375



0,0254166666666667      0,0263541666666666      0,0263541666666666
-0,0101041666666667     -0,0107291666666666     -0,0104166666666667
-0,0153125      -0,015625       -0,0159375



-0,0254166666666667     -0,0263541666666666     -0,0263541666666666
0,0101041666666667      0,0107291666666666      0,0104166666666667
0,0153125       0,015625        0,0159375



-0,0254166666666667     -0,0263541666666666     -0,0263541666666666
0,0101041666666667      0,0107291666666666      0,0104166666666667
0,0153125       0,015625        0,0159375



-0,0254166666666667     -0,0263541666666666     -0,0263541666666666
0,0101041666666667      0,0107291666666666      0,0104166666666667
0,0153125       0,015625        0,0159375



-0,0254166666666667     -0,0263541666666666     -0,0263541666666666
0,0101041666666667      0,0107291666666666      0,0104166666666667
0,0153125       0,015625        0,0159375



-0,0254166666666667     -0,0263541666666666     -0,0263541666666666
0,0101041666666667      0,0107291666666666      0,0104166666666667
0,0153125       0,015625        0,0159375



-0,0254166666666667     -0,0263541666666666     -0,0263541666666666
0,0101041666666667      0,0107291666666666      0,0104166666666667
0,0153125       0,015625        0,0159375



-0,0254166666666667     -0,0263541666666666     -0,0263541666666666
0,0101041666666667      0,0107291666666666      0,0104166666666667
0,0153125       0,015625        0,0159375



-0,0254166666666667     -0,0263541666666666     -0,0263541666666666
0,0101041666666667      0,0107291666666666      0,0104166666666667
0,0153125       0,015625        0,0159375



-0,0254166666666667     -0,0263541666666666     -0,0263541666666666
0,0101041666666667      0,0107291666666666      0,0104166666666667
0,0153125       0,015625        0,0159375



-0,0254166666666667     -0,0263541666666666     -0,0263541666666666
0,0101041666666667      0,0107291666666666      0,0104166666666667
0,0153125       0,015625        0,0159375



-0,0254166666666667     -0,0263541666666666     -0,0263541666666666
0,0101041666666667      0,0107291666666666      0,0104166666666667
0,0153125       0,015625        0,0159375



-0,0254166666666667     -0,0263541666666666     -0,0263541666666666
0,0101041666666667      0,0107291666666666      0,0104166666666667
0,0153125       0,015625        0,0159375



-0,0254166666666667     -0,0263541666666666     -0,0263541666666666
0,0101041666666667      0,0107291666666666      0,0104166666666667
0,0153125       0,015625        0,0159375



-0,0254166666666667     -0,0263541666666666     -0,0263541666666666
0,0101041666666667      0,0107291666666666      0,0104166666666667
0,0153125       0,015625        0,0159375



-0,0254166666666667     -0,0263541666666666     -0,0263541666666666
0,0101041666666667      0,0107291666666666      0,0104166666666667
0,0153125       0,015625        0,0159375



-0,0254166666666667     -0,0263541666666666     -0,0263541666666666
0,0101041666666667      0,0107291666666666      0,0104166666666667
0,0153125       0,015625        0,0159375



-0,0254166666666667     -0,0263541666666666     -0,0263541666666666
0,0101041666666667      0,0107291666666666      0,0104166666666667
0,0153125       0,015625        0,0159375



-0,0254166666666667     -0,0263541666666666     -0,0263541666666666
0,0101041666666667      0,0107291666666666      0,0104166666666667
0,0153125       0,015625        0,0159375



-0,0254166666666667     -0,0263541666666666     -0,0263541666666666
0,0101041666666667      0,0107291666666666      0,0104166666666667
0,0153125       0,015625        0,0159375



-0,0254166666666667     -0,0263541666666666     -0,0263541666666666
0,0101041666666667      0,0107291666666666      0,0104166666666667
0,0153125       0,015625        0,0159375



-0,0254166666666667     -0,0263541666666666     -0,0263541666666666
0,0101041666666667      0,0107291666666666      0,0104166666666667
0,0153125       0,015625        0,0159375



-0,0254166666666667     -0,0263541666666666     -0,0263541666666666
0,0101041666666667      0,0107291666666666      0,0104166666666667
0,0153125       0,015625        0,0159375



-0,0254166666666667     -0,0263541666666666     -0,0263541666666666
0,0101041666666667      0,0107291666666666      0,0104166666666667
0,0153125       0,015625        0,0159375



-0,0254166666666667     -0,0263541666666666     -0,0263541666666666
0,0101041666666667      0,0107291666666666      0,0104166666666667
0,0153125       0,015625        0,0159375



-0,0254166666666667     -0,0263541666666666     -0,0263541666666666
0,0101041666666667      0,0107291666666666      0,0104166666666667
0,0153125       0,015625        0,0159375



-0,0254166666666667     -0,0263541666666666     -0,0263541666666666
0,0101041666666667      0,0107291666666666      0,0104166666666667
0,0153125       0,015625        0,0159375



-0,0254166666666667     -0,0263541666666666     -0,0263541666666666
0,0101041666666667      0,0107291666666666      0,0104166666666667
0,0153125       0,015625        0,0159375



-0,0254166666666667     -0,0263541666666666     -0,0263541666666666
0,0101041666666667      0,0107291666666666      0,0104166666666667
0,0153125       0,015625        0,0159375



-0,0254166666666667     -0,0263541666666666     -0,0263541666666666
0,0101041666666667      0,0107291666666666      0,0104166666666667
0,0153125       0,015625        0,0159375



-0,0254166666666667     -0,0263541666666666     -0,0263541666666666
0,0101041666666667      0,0107291666666666      0,0104166666666667
0,0153125       0,015625        0,0159375



-0,0254166666666667     -0,0263541666666666     -0,0263541666666666
0,0101041666666667      0,0107291666666666      0,0104166666666667
0,0153125       0,015625        0,0159375



-0,0254166666666667     -0,0263541666666666     -0,0263541666666666
0,0101041666666667      0,0107291666666666      0,0104166666666667
0,0153125       0,015625        0,0159375



0,0254166666666667      0,0263541666666666      0,0263541666666666
-0,0101041666666667     -0,0107291666666666     -0,0104166666666667
-0,0153125      -0,015625       -0,0159375



0,0254166666666667      0,0263541666666666      0,0263541666666666
-0,0101041666666667     -0,0107291666666666     -0,0104166666666667
-0,0153125      -0,015625       -0,0159375



0,0254166666666667      0,0263541666666666      0,0263541666666666
-0,0101041666666667     -0,0107291666666666     -0,0104166666666667
-0,0153125      -0,015625       -0,0159375



0,0254166666666667      0,0263541666666666      0,0263541666666666
-0,0101041666666667     -0,0107291666666666     -0,0104166666666667
-0,0153125      -0,015625       -0,0159375



0,0254166666666667      0,0263541666666666      0,0263541666666666
-0,0101041666666667     -0,0107291666666666     -0,0104166666666667
-0,0153125      -0,015625       -0,0159375



0,0254166666666667      0,0263541666666666      0,0263541666666666
-0,0101041666666667     -0,0107291666666666     -0,0104166666666667
-0,0153125      -0,015625       -0,0159375



0,0254166666666667      0,0263541666666666      0,0263541666666666
-0,0101041666666667     -0,0107291666666666     -0,0104166666666667
-0,0153125      -0,015625       -0,0159375



0,0254166666666667      0,0263541666666666      0,0263541666666666
-0,0101041666666667     -0,0107291666666666     -0,0104166666666667
-0,0153125      -0,015625       -0,0159375



0,0254166666666667      0,0263541666666666      0,0263541666666666
-0,0101041666666667     -0,0107291666666666     -0,0104166666666667
-0,0153125      -0,015625       -0,0159375



0,0254166666666667      0,0263541666666666      0,0263541666666666
-0,0101041666666667     -0,0107291666666666     -0,0104166666666667
-0,0153125      -0,015625       -0,0159375



0,0254166666666667      0,0263541666666666      0,0263541666666666
-0,0101041666666667     -0,0107291666666666     -0,0104166666666667
-0,0153125      -0,015625       -0,0159375



0,0254166666666667      0,0263541666666666      0,0263541666666666
-0,0101041666666667     -0,0107291666666666     -0,0104166666666667
-0,0153125      -0,015625       -0,0159375



0,0254166666666667      0,0263541666666666      0,0263541666666666
-0,0101041666666667     -0,0107291666666666     -0,0104166666666667
-0,0153125      -0,015625       -0,0159375



0,0254166666666667      0,0263541666666666      0,0263541666666666
-0,0101041666666667     -0,0107291666666666     -0,0104166666666667
-0,0153125      -0,015625       -0,0159375



0,0254166666666667      0,0263541666666666      0,0263541666666666
-0,0101041666666667     -0,0107291666666666     -0,0104166666666667
-0,0153125      -0,015625       -0,0159375



0,0254166666666667      0,0263541666666666      0,0263541666666666
-0,0101041666666667     -0,0107291666666666     -0,0104166666666667
-0,0153125      -0,015625       -0,0159375
